start=569.029500
volume=90.000000
fullscreen=yes
