start=0.542000
pause=yes
volume=90.000000
