start=15.056427
pause=yes
volume=60.000000
