start=14.560000
volume=50.000000
