start=0.000000
pause=yes
volume=50.000000
