start=0.000000
pause=yes
volume=65.000000
aid=2
sid=1
