start=3874.406000
pause=yes
volume=75.000000
