start=74.241000
volume=70.000000
fullscreen=yes
