start=0.366667
volume=70.000000
