start=1522.175168
speed=0.950000
pause=yes
volume=60.000000
ontop=yes
