start=209.855533
pause=yes
volume=50.000000
