start=10.032509
volume=85.000000
