start=9039.666796
pause=yes
volume=50.000000
sid=1
