start=10096.505808
volume=75.000000
sid=1
