start=193.068000
pause=yes
volume=60.000000
