start=973.097125
pause=yes
volume=85.000000
