start=74.333333
volume=55.000000
