start=258.508000
volume=70.000000
sid=1
