start=2448.316000
volume=70.000000
