start=312.979333
pause=yes
volume=70.000000
