start=8462.250500
pause=yes
volume=89.000000
ontop=yes
sid=1
