start=1.451450
volume=80.000000
